Enter the number of days
Enter the available data
Enter the profile of system
The matrix is
0 0 0 0 0 0 0 0 0 0 0 
0 90 90 90 90 90 90 90 90 90 90 
0 90 129 129 129 129 129 129 129 129 129 
0 90 129 129 129 129 129 129 129 129 129 
0 90 129 129 187 187 187 187 187 187 187 
0 90 129 129 187 187 187 187 187 187 187 
0 90 129 129 187 187 227 227 227 227 227 
0 90 129 129 187 187 227 227 227 227 227 
0 90 129 129 187 187 227 227 285 285 285 
0 90 129 129 187 187 227 227 285 319 319 
0 90 129 129 187 187 227 227 285 319 319 
Optimal solution is 319
Composition is 0 34 58 0 40 0 58 0 39 90 
Zero indicates that the system is rebooted 
